image: square.png
resolution: 0.100000
origin: [-10.0, 5.0, -1.57079632679]
negate: 0
occupied_thresh: 0.65
free_thresh: 0.196
